VITE_DGIS_API_KEY=025397fd-2b9e-4524-9c2f-3c4644e3af1a
VITE_MAP_CENTER=55.751244,37.618423
VITE_MAP_ZOOM=13
